0000110011 1 1;
0000111110 1 1;
0000000011 1 1;
0000000011 1 1;
0000110100 1 1;
1100000000 1 1;
1111100000 1 1;
0000001101 1 1;
0000111100 1 1;
0000000011 1 1;
0000000011 1 1;
0000000011 1 1;
0011000001 1 1;
0000001100 1 1;
0000000011 1 1;
0000001100 1 1;
0000001111 1 1;
1101000000 1 1;
1111100000 1 1;
0000001110 1 1;
0000001111 1 1;
0011110011 1 1;
0000110000 1 1;
0000000011 1 1;
0000111100 1 1;
0000001111 1 1;
0011001111 1 1;
1100010001 1 1;
0011001111 1 1;
1111110010 1 1;
0000001100 1 1;
0000001100 1 1;
0000001111 1 1;
0000001110 1 1;
0000001111 1 1;
0000001111 1 1;
0000110000 1 1;
0000111100 1 1;
0000111100 1 1;
0011000101 1 1;
0000110000 1 1;
1100000000 1 1;
0000001111 1 1;
0011000101 1 1;
0011010000 1 1;
0000001100 1 1;
0011000000 1 1;
0011000000 1 1;
0000110011 1 1;
0000110000 1 1;
0011000000 1 1;
0011000000 1 1;
0000000011 1 1;
0011110000 1 1;
0000000011 1 1;
1100000000 1 1;
0000000011 1 1;
0000000011 1 1;
0000110000 1 1;
0000111100 1 1;
0000001101 1 1;
0011111100 1 1;
1100111100 1 1;
0000000011 1 1;
0011001100 1 1;
1110100000 1 1;
0000000011 1 1;
0000000011 1 1;
0011101000 1 1;
0000000011 1 1;
0000111110 1 1;
0011111010 1 1;
0011000001 1 1;
0000110100 1 1;
0000000011 1 1;
1100110000 1 1;
0011110000 1 1;
0011110010 1 1;
0011001100 1 1;
0000110000 1 1;
0000110000 1 1;
0000001110 1 1;
0000110010 1 1;
0011000000 1 1;
0000001111 1 1;
0000000011 1 1;
0011000001 1 1;
0011000000 1 1;
0011000000 1 1;
0000000011 1 1;
0000000011 1 1;
0011000000 1 1;
1111001000 1 1;
0000001111 1 1;
0000000011 1 1;
0000110010 1 1;
0000001100 1 1;
1111101010 1 1;
0000000011 1 1;
0011110001 1 1;
0000000011 1 1;
0000001100 1 1;
0000000011 1 1;
0000110000 1 1;
0011110000 1 1;
0011100000 1 1;
1100110000 1 1;
0000111111 1 1;
0000001111 1 1;
0000001100 1 1;
0000001101 1 1;
0011000000 1 1;
0000111101 1 1;
0000001100 1 1;
1111110000 1 1;
0000111100 1 1;
0000111101 1 1;
1100101000 1 1;
0000110000 1 1;
0000000011 1 1;
0011000000 1 1;
0011000000 1 1;
0000001100 1 1;
0011001100 1 1;
0000001100 1 1;
0000001111 1 1;
0000000011 1 1;
1100000000 1 1;
1111000000 1 1;
0000001100 1 1;
0000111100 1 1;
0011001100 1 1;
0011000000 1 1;
0000000011 1 1;
0011001100 1 1;
0000110000 1 1;
1110000000 1 1;
0000001100 1 1;
1100110000 1 1;
0000000011 1 1;
0000110000 1 1;
0000111010 1 1;
0000001100 1 1;
0000001100 1 1;
0000001100 1 1;
0000000011 1 1;
0000001100 1 1;
1100000000 1 1;
0011000000 1 1;
0011110100 1 1;
0000000011 1 1;
1100000000 1 1;
1111000000 1 1;
0000000011 1 1;
0000000011 1 1;
0000000011 1 1;
1100010001 1 1;
0000110100 1 1;
0000110000 1 1;
0011100000 1 1;
0000001111 1 1;
0011000000 1 1;
0000110000 1 1;
0000001110 1 1;
0000110000 1 1;
0000001111 1 1;
0000000011 1 1;
0000001111 1 1;
0000110010 1 1;
0000001100 1 1;
0000110100 1 1;
0011000000 1 1;
0000110000 1 1;
0000110000 1 1;
0011000000 1 1;
0000110011 1 1;
0000000011 1 1;
0000001100 1 1;
0000000011 1 1;
0000000011 1 1;
0011101010 1 1;
0000001110 1 1;
0000000011 1 1;
0000110011 1 1;
0000001100 1 1;
1100000000 1 1;
0000000011 1 1;
0000000011 1 1;
0000110000 1 1;
1110000000 1 1;
0000000011 1 1;
0000000011 1 1;
0000001100 1 1;
1111000000 1 1;
0000000011 1 1;
0000001100 1 1;
0011000000 1 1;
0000001100 1 1;
0000111000 1 1;
0000001111 1 1;
0000001100 1 1;
0000110000 1 1;
0000001111 1 1;
0000110001 1 1;
0000111100 1 1;
0000001101 1 1;
0000000011 1 1;
0011000000 1 1;
0000111101 1 1;
0000110011 1 1;
0000001100 1 1;
1100101000 1 1;
0011001000 1 1;
0011001000 1 1;
1100110000 1 1;
0000001111 1 1;
1100110010 1 1;
0000000011 1 1;
0000000011 1 1;
0000000011 1 1;
0000000011 1 1;
1100000000 1 1;
0000000011 1 1;
0000001111 1 1;
0000000011 1 1;
0000000011 1 1;
0000110000 1 1;
0011110000 1 1;
0000000011 1 1;
0000111000 1 1;
0000001100 1 1;
1111110000 1 1;
0000000011 1 1;
0011000000 1 1;
0000110000 1 1;
0000110000 1 1;
0000000011 1 1;
0011110000 1 1;
0000001100 1 1;
0000001111 1 1;
0000000011 1 1;
0000000011 1 1;
0000110000 1 1;
0011000000 1 1;
0000000011 1 1;
0000001111 1 1;
0011000000 1 1;
0011111100 1 1;
0000001101 1 1;
0011000000 1 1;
0000001100 1 1;
1100000000 1 1;
0011110000 1 1;
0000001111 1 1;
1101010000 1 1;
0000111111 1 1;
0000111000 1 1;
0011001100 1 1;
0000110010 1 1;
0000000011 1 1;
0000000011 1 1;
0000000011 1 1;
1111111111 1 1;
0000001100 1 1;
0000000011 1 1;
0000110011 1 1;
0000000011 1 1;
0011110011 1 1;
0011110001 1 1;
0000110101 1 1;
0000111110 1 1;
0000000011 1 1;
1100000000 1 1;
0000001100 1 1;
0000001100 1 1;
0011000000 1 1;
0000000011 1 1;
0000110000 1 1;
0000000011 1 1;
1111001010 1 1;
0011010101 1 1;
0011110101 1 1;
0000001111 1 1;
0000000011 1 1;
0000001100 1 1;
0000000011 1 1;
1111000001 1 1;
0000000011 1 1;
1100000000 1 1;
0000001100 1 1;
0000000011 1 1;
0000110000 1 1;
0000001111 1 1;
0011110100 1 1;
0011000000 1 1;
0000111111 1 1;
0011010000 1 1;
0000001100 1 1;
0000110000 1 1;
0000000011 1 1;
0000000011 1 1;
0000000011 1 1;
0000001111 1 1;
0000000011 1 1;
0000110000 1 1;
0000111100 1 1;
0000111100 1 1;
0000001100 1 1;
0000111010 1 1;
1111111100 1 1;
0000001110 1 1;
0011000000 1 1;
0000000011 1 1;
0000110100 1 1;
0000110000 1 1;
1111010000 1 1;
0011010000 1 1;
0000000011 1 1;
0011000011 1 1;
0000001100 1 1;
0000001111 1 1;
0011110010 1 1;
0000110011 1 1;
0000000011 1 1;
0000001100 1 1;
0000000011 1 1;
0000000011 1 1;
1111010000 1 1;
1111000000 1 1;
0011000000 1 1;
0000001100 1 1;
0011000000 1 1;
0011110000 1 1;
0000000011 1 1;
1100010000 1 1;
0000110001 1 1;
0000000011 1 1;
1100000000 1 1;
0000110000 1 1;
0000000011 1 1;
0000110000 1 1;
0000110000 1 1;
0000000011 1 1;
0000000011 1 1;
0000000011 1 1;
0000000011 1 1;
0000001100 1 1;
1111110000 1 1;
0011110000 1 1;
0000000011 1 1;
0000110000 1 1;
0000001100 1 1;
0000110000 1 1;
0000000011 1 1;
0000001111 1 1;
0000001100 1 1;
0000111100 1 1;
0000000011 1 1;
0000111100 1 1;
0011010000 1 1;
1100100010 1 1;
0011111100 1 1;
0000000011 1 1;
0000000011 1 1;
0000001100 1 1;
0011110000 1 1;
0000001111 1 1;
0000001100 1 1;
0011001100 1 1;
0000110000 1 1;
0011000000 1 1;
0000001100 1 1;
1110100000 1 1;
0000000011 1 1;
0000000011 1 1;
0011010000 1 1;
0000001111 1 1;
0000000011 1 1;
0000111111 1 1;
0011000000 1 1;
0000000011 1 1;
0011110000 1 1;
0000111110 1 1;
0011100000 1 1;
0000110100 1 1;
0000000011 1 1;
1110101000 1 1;
0011111111 1 1;
0000001100 1 1;
0011111111 1 1;
0000110000 1 1;
0000000011 1 1;
0000111101 1 1;
1101000000 1 1;
0000001100 1 1;
0000000011 1 1;
0000000011 1 1;
0011010000 1 1;
0000001100 1 1;
0000001111 1 1;
0000110010 1 1;
0000000011 1 1;
0000111000 1 1;
0000110011 1 1;
0000000011 1 1;
0000110000 1 1;
1101000000 1 1;
0000110000 1 1;
1111000000 1 1;
0000000011 1 1;
0000000011 1 1;
0000000011 1 1;
0000001111 1 1;
0000000011 1 1;
0000001100 1 1;
0000001100 1 1;
0000111100 1 1;
0000110011 1 1;
0000001100 1 1;
0000110000 1 1;
0000001100 1 1;
1100010000 1 1;
0000000011 1 1;
0000111100 1 1;
0000001111 1 1;
0000001100 1 1;
0000001100 1 1;
1100000000 1 1;
1100000000 1 1;
0000110100 1 1;
0000110000 1 1;
0011000000 1 1;
0000000011 1 1;
0000110000 1 1;
0011111111 1 1;
0000000011 1 1;
0000000011 1 1;
0000001111 1 1;
0000111000 1 1;
0000111110 1 1;
0000001111 1 1;
0011000000 1 1;
0000000011 1 1;
0000111100 1 1;
0011111111 1 1;
0000000011 1 1;
0000001100 1 1;
0000000011 1 1;
0000000011 1 1;
0000000011 1 1;
0000000011 1 1;
0000000011 1 1;
0011000001 1 1;
0000000011 1 1;
1100010000 1 1;
0000000011 1 1;
0000110000 1 1;
0000110000 1 1;
0000001111 1 1;
0000000011 1 1;
0000001111 1 1;
0000001100 1 1;
0000001111 1 1;
0000000011 1 1;
0000110100 1 1;
0000111100 1 1;
1100101000 1 1;
0011001111 1 1;
0000000011 1 1;
0000110000 1 1;
0011000000 1 1;
0011010000 1 1;
0000110011 1 1;
0011110000 1 1;
0000000011 1 1;
0011110000 1 1;
0000001100 1 1;
1110000000 1 1;
0000001100 1 1;
0000110000 1 1;
1111001100 1 1;
0000111100 1 1;
0011000000 1 1;
0000000011 1 1;
0000000011 1 1;
0000000011 1 1;
0011000001 1 1;
0000110000 1 1;
0000110000 1 1;
0011000100 1 1;
0000110000 1 1;
0000111100 1 1;
0000000011 1 1;
0000001100 1 1;
0000000011 1 1;
0011010100 1 1;
1100000000 1 1;
0000110001 1 1;
0000000011 1 1;
0000001100 1 1;
0000001100 1 1;
0000111111 1 1;
0000001100 1 1;
0000111000 1 1;
1110000000 1 1;
0011000101 1 1;
0000001100 1 1;
0000001100 1 1;
0000001100 1 1;
0000001100 1 1;
1111111111 1 1;
0011001111 1 1;
0000001100 1 1;
0011001111 1 1;
0000001100 1 1;
1100000000 1 1;
0000001100 1 1;
0000000011 1 1;
0000001100 1 1;
0000110000 1 1;
0011100010 1 1;
1111000000 1 1;
0000111100 1 1;
0000000011 1 1;
0000001100 1 1;
0000001100 1 1;
0011000000 1 1;
0000110000 1 1;
0000000011 1 1;
0000110000 1 1;
0000000011 1 1;
0000000011 1 1;
0000001100 1 1;
0000001100 1 1;
0000000011 1 1;
0000001100 1 1;
0011001010 1 1;
0011000000 1 1;
0000110000 1 1;
1100111111 1 1;
0011110000 1 1;
0000000011 1 1;
0011000011 1 1;
0011001100 1 1;
0011000010 1 1;
0000001111 1 1;
0000001100 1 1;
0000000011 1 1;
0000111100 1 1;
0000110000 1 1;
0000111100 1 1;
1111000000 1 1;
0000001100 1 1;
0000111100 1 1;
0011000000 1 1;
0000001110 1 1;
0011000000 1 1;
0000001100 1 1;
0011000010 1 1;
0000000011 1 1;
0000110000 1 1;
0000111010 1 1;
0011010101 1 1;
0000110101 1 1;
0000001100 1 1;
0011110000 1 1;
1111000000 1 1;
0011000000 1 1;
0000001100 1 1;
0000110000 1 1;
0000001110 1 1;
0000001100 1 1;
0000110000 1 1;
0000110000 1 1;
0000110000 1 1;
0000111100 1 1;
0000001111 1 1;
0000110010 1 1;
0011000000 1 1;
0000001100 1 1;
0000000011 1 1;
0000000011 1 1;
1100010101 1 1;
0011001110 1 1;
0000001100 1 1;
0000110011 1 1;
0000110000 1 1;
0000000011 1 1;
1100110011 1 1;
0011000010 1 1;
0000110000 1 1;
0000000011 1 1;
1100000000 1 1;
0000000011 1 1;
0011000000 1 1;
0000001100 1 1;
0000000011 1 1;
0011000001 1 1;
0000001101 1 1;
0000001111 1 1;
0000001111 1 1;
0000000011 1 1;
0000000011 1 1;
0011001100 1 1;
1100000000 1 1;
0000001100 1 1;
0000000011 1 1;
0011000000 1 1;
0000000011 1 1;
0000001100 1 1;
0000111010 1 1;
0000110000 1 1;
0000001100 1 1;
0000110100 1 1;
0000001110 1 1;
0011111111 1 1;
0000001110 1 1;
0000001111 1 1;
0000110000 1 1;
0000001100 1 1;
0000110000 1 1;
0011000101 1 1;
0000000011 1 1;
0011111100 1 1;
0000000011 1 1;
0000000011 1 1;
1100111100 1 1;
0011110000 1 1;
0011000000 1 1;
0011111100 1 1;
0000000011 1 1;
0000000011 1 1;
0000001101 1 1;
0000001100 1 1;
0000000011 1 1;
0000000011 1 1;
0000001100 1 1;
0000110011 1 1;
1100000000 1 1;
0000110000 1 1;
1111110000 1 1;
0000001110 1 1;
0000001100 1 1;
0000000011 1 1;
0000111000 1 1;
0000000011 1 1;
0000110010 1 1;
0000001100 1 1;
0000000011 1 1;
0011000001 1 1;
1100000000 1 1;
0000001100 1 1;
0000110000 1 1;
0000000011 1 1;
0000000011 1 1;
1101000100 1 1;
0011000000 1 1;
0011010001 1 1;
1110000000 1 1;
0000001111 1 1;
0000000011 1 1;
0000000011 1 1;
0011000000 1 1;
0000001100 1 1;
0011001100 1 1;
0011000000 1 1;
0000000011 1 1;
0000000011 1 1;
0000000011 1 1;
0000110000 1 1;
0011000000 1 1;
0000111100 1 1;
0000110010 1 1;
0000000011 1 1;
0000111111 1 1;
0011000010 1 1;
0000001100 1 1;
0011001100 1 1;
0000001110 1 1;
0000110101 1 1;
0000000011 1 1;
0000000011 1 1;
0011000000 1 1;
0000001100 1 1;
0000110000 1 1;
0000000011 1 1;
0000000011 1 1;
0000000011 1 1;
1110000000 1 1;
0011010101 1 1;
0000001100 1 1;
0000110000 1 1;
0000110101 1 1;
0000000011 1 1;
0000000011 1 1;
0011000000 1 1;
0011111111 1 1;
0000001111 1 1;
0000001100 1 1;
0000000011 1 1;
0000001100 1 1;
0000110000 1 1;
0000000011 1 1;
0000000011 1 1;
0000110001 1 1;
0000000011 1 1;
0000001111 1 1;
1100001111 1 1;
0000000011 1 1;
0011100000 1 1;
0011110000 1 1;
0000001100 1 1;
0000000011 1 1;
0000001100 1 1;
0011010101 1 1;
0000110001 1 1;
1101010101 1 1;
0000000011 1 1;
0000001101 1 1;
0000110100 1 1;
0000000011 1 1;
0011110000 1 1;
0000001111 1 1;
0000001110 1 1;
0011001100 1 1;
0000000011 1 1;
0000000011 1 1;
0000001100 1 1;
0000111100 1 1;
1111101010 1 1;
0000001100 1 1;
0000000011 1 1;
0011000000 1 1;
0000000011 1 1;
0000111000 1 1;
0000000011 1 1;
0000001110 1 1;
1100000000 1 1;
0000110000 1 1;
0000111100 1 1;
1100001000 1 1;
0000111100 1 1;
0011001110 1 1;
0000001100 1 1;
0000001111 1 1;
0000001100 1 1;
0000110101 1 1;
0000000011 1 1;
0000001101 1 1;
0000111000 1 1;
0011110000 1 1;
0000110000 1 1;
0000111000 1 1;
0000110000 1 1;
0000001101 1 1;
1100000000 1 1;
1100101000 1 1;
0000000011 1 1;
0000000011 1 1;
0000001100 1 1;
1111111000 1 1;
0000001111 1 1;
0000110000 1 1;
0000001100 1 1;
0000001100 1 1;
0000111100 1 1;
0000001100 1 1;
1100001111 1 1;
0000001111 1 1;
0000111100 1 1;
0011101010 1 1;
0011000000 1 1;
0000000011 1 1;
0000000011 1 1;
1100000100 1 1;
0011001110 1 1;
0011001111 1 1;
0000110011 1 1;
